epoch:0 0.2335  0.4379  0.2270  -1.0000  -1.0000  0.2335  0.3378  0.3596  0.3596  -1.0000  -1.0000  0.3596  0.8375  0.004000
epoch:1 0.4114  0.7126  0.4022  -1.0000  -1.0000  0.4114  0.5684  0.5982  0.5982  -1.0000  -1.0000  0.5982  0.3256  0.004000
epoch:2 0.4874  0.7937  0.5006  -1.0000  -1.0000  0.4876  0.6389  0.6671  0.6671  -1.0000  -1.0000  0.6671  0.2458  0.004000
epoch:3 0.5765  0.8743  0.6210  -1.0000  -1.0000  0.5780  0.7054  0.7102  0.7102  -1.0000  -1.0000  0.7102  0.2046  0.004000
