epoch:0 0.2508  0.4400  0.2526  -1.0000  -1.0000  0.2508  0.3537  0.3766  0.3766  -1.0000  -1.0000  0.3766  0.8375  0.004000
epoch:1 0.4585  0.7071  0.5140  -1.0000  -1.0000  0.4589  0.6079  0.6519  0.6519  -1.0000  -1.0000  0.6519  0.3256  0.004000
epoch:2 0.5344  0.7977  0.5740  -1.0000  -1.0000  0.5357  0.6700  0.7111  0.7111  -1.0000  -1.0000  0.7111  0.2458  0.004000
epoch:3 0.6214  0.8743  0.7234  -1.0000  -1.0000  0.6255  0.7336  0.7408  0.7408  -1.0000  -1.0000  0.7408  0.2046  0.004000
